MEME version 4
ALPHABET= ACGT

MOTIF motif_Train8_9 10-CGCTAGAGGG 
letter-probability matrix: alength= 4 w= 10 nsites= 20 E= 1e-43 
0.103	0.786	0.043	0.068
0.16	0.001	0.793	0.046
0.107	0.73	0.063	0.1
0.109	0.317	0.045	0.529
0.941	0.011	0.047	0.001
0.053	0.014	0.869	0.064
0.674	0.101	0.124	0.101
0.047	0.029	0.602	0.322
0.101	0.162	0.585	0.152
0.165	0.058	0.605	0.172

MOTIF motif_Train1_10 10-CGCTAGAGGG 
letter-probability matrix: alength= 4 w= 10 nsites= 20 E= 1e-39 
0.089	0.821	0.055	0.035
0.097	0.018	0.844	0.041
0.057	0.811	0.056	0.076
0.074	0.142	0.062	0.722
0.914	0.019	0.048	0.019
0.026	0.03	0.859	0.085
0.812	0.066	0.063	0.059
0.023	0.014	0.794	0.169
0.111	0.115	0.689	0.085
0.148	0.029	0.74	0.083

MOTIF motif_Train4_16 14-CGCTAGAGGG 
letter-probability matrix: alength= 4 w= 10 nsites= 20 E= 1e-33 
0.07	0.8	0.084	0.046
0.06	0.054	0.855	0.031
0.056	0.818	0.072	0.054
0.086	0.106	0.043	0.765
0.865	0.073	0.039	0.023
0.028	0.054	0.823	0.095
0.802	0.05	0.098	0.05
0.066	0.035	0.778	0.121
0.109	0.078	0.74	0.073
0.136	0.024	0.761	0.079

MOTIF motif_Train9_12 12-CCGCTAGAKGGC 
letter-probability matrix: alength= 4 w= 12 nsites= 20 E= 1e-40 
0.211	0.699	0.015	0.075
0.014	0.984	0.001	0.001
0.135	0.001	0.819	0.045
0.001	0.786	0.061	0.152
0.015	0.214	0.001	0.77
0.984	0.001	0.014	0.001
0.001	0.001	0.997	0.001
0.653	0.03	0.271	0.046
0.06	0.151	0.366	0.424
0.076	0.257	0.546	0.121
0.152	0.075	0.516	0.257
0.136	0.637	0.076	0.151

MOTIF motif_Train6_17 17-CCGCTAGA 
letter-probability matrix: alength= 4 w= 8 nsites= 20 E= 1e-24 
0.001	0.997	0.001	0.001
0.001	0.997	0.001	0.001
0.001	0.001	0.864	0.134
0.001	0.997	0.001	0.001
0.001	0.001	0.001	0.997
0.997	0.001	0.001	0.001
0.001	0.001	0.997	0.001
0.837	0.001	0.161	0.001

MOTIF motif_Train3_12 12-CCGCTAGAGG 
letter-probability matrix: alength= 4 w= 10 nsites= 20 E= 1e-35 
0.089	0.822	0.074	0.015
0.001	0.984	0.014	0.001
0.014	0.001	0.984	0.001
0.015	0.896	0.074	0.015
0.001	0.001	0.001	0.997
0.997	0.001	0.001	0.001
0.014	0.001	0.984	0.001
0.969	0.001	0.029	0.001
0.018	0.042	0.622	0.318
0.015	0.059	0.882	0.044

MOTIF motif_Train7_6 10-CGCYAGWKNG 
letter-probability matrix: alength= 4 w= 10 nsites= 20 E= 1e-50 
0.134	0.864	0.001	0.001
0.287	0.001	0.711	0.001
0.035	0.736	0.191	0.038
0.001	0.446	0.034	0.519
0.997	0.001	0.001	0.001
0.001	0.001	0.875	0.123
0.449	0.001	0.2	0.349
0.034	0.001	0.522	0.443
0.24	0.178	0.318	0.265
0.132	0.147	0.498	0.223

MOTIF motif_Train10_14 15-CCGCTAGA 
letter-probability matrix: alength= 4 w= 8 nsites= 20 E= 1e-33 
0.15	0.848	0.001	0.001
0.001	0.997	0.001	0.001
0.001	0.04	0.856	0.103
0.001	0.912	0.086	0.001
0.001	0.001	0.001	0.997
0.997	0.001	0.001	0.001
0.001	0.037	0.961	0.001
0.863	0.001	0.135	0.001

MOTIF motif_Train2_13 16-CCGCTAGAGG 
letter-probability matrix: alength= 4 w= 10 nsites= 20 E= 1e-30 
0.105	0.808	0.07	0.017
0.001	0.982	0.016	0.001
0.017	0.001	0.965	0.017
0.022	0.839	0.122	0.017
0.001	0.001	0.001	0.997
0.982	0.001	0.016	0.001
0.009	0.001	0.989	0.001
0.989	0.001	0.009	0.001
0.001	0.037	0.687	0.275
0.017	0.052	0.879	0.052

MOTIF motif_Train5_11 10-CCGCTAGAKG 
letter-probability matrix: alength= 4 w= 10 nsites= 20 E= 1e-39 
0.323	0.521	0.069	0.087
0.001	0.997	0.001	0.001
0.063	0.001	0.726	0.21
0.063	0.829	0.045	0.063
0.001	0.001	0.001	0.997
0.978	0.001	0.02	0.001
0.02	0.001	0.978	0.001
0.997	0.001	0.001	0.001
0.001	0.042	0.527	0.43
0.194	0.086	0.445	0.276
